00000000100001010110100000100000
00000001101001100001000000100000
00000011111000000000000000001000
00000000000000001000000000100000
00100000000100010000000000000001
00000010000100010100100000100101
00110100000010110000000000000011
00000000000010110111000001000000
00000010001100000100000000100100
00100000000101010000000000001100
00000010101000000000000000001000
10101110000011100000000000000100
10101110000011100000000000001000
10101110000011100000000000001100
10001110000001000000000000000100
10001110000001010000000000001000
10001110000001100000000000001100
00001100000000000000000000000000
00000010011000101001100000100000
00100001110011101111111111111111
00010001110000000000000000000001
00001000000000000000000000001011
